n = 8;
A = [611, 196, -192, 407, -8, -52, -49, 29;
    196, 899, 113, -192, -71, -43, -8, -44;
    - 192, 113, 899, 196, 61, 49, 8, 52;
    407, -192, 196, 611, 8, 44, 59, -23;
    - 8, -71, 61, 8, 411, -599, 208, 208;
    - 52, -43, 49, 44, -599, 411, 208, 208;
    - 49, -8, 8, 59, 208, 208, 99, -911;
    29, -44, 52, -23, 208, 208, -911, 99];
eig(A)

n = 10;
B = zeros(n);

for i = 1:n

    for j = 1:n
        B(i, j) = 1 / (i + j - 1);
    end

end

eig(B)

n = 12;
C = [12, 11, 10, 9, 8, 7, 6, 5, 4, 3, 2, 1;
    11, 11, 10, 9, 8, 7, 6, 5, 4, 3, 2, 1;
    10, 10, 10, 9, 8, 7, 6, 5, 4, 3, 2, 1;
    9, 9, 9, 9, 8, 7, 6, 5, 4, 3, 2, 1;
    8, 8, 8, 8, 8, 7, 6, 5, 4, 3, 2, 1;
    7, 7, 7, 7, 7, 7, 6, 5, 4, 3, 2, 1;
    6, 6, 6, 6, 6, 6, 6, 5, 4, 3, 2, 1;
    5, 5, 5, 5, 5, 5, 5, 5, 4, 3, 2, 1;
    4, 4, 4, 4, 4, 4, 4, 4, 4, 3, 2, 1;
    3, 3, 3, 3, 3, 3, 3, 3, 3, 3, 2, 1;
    2, 2, 2, 2, 2, 2, 2, 2, 2, 2, 2, 1;
    1, 1, 1, 1, 1, 1, 1, 1, 1, 1, 1, 1];
eig(C)

n = 20;
D = zeros(n);

for i = 1:n

    for j = 1:n
        D(i, j) = sqrt(2/21) * sin(i * j * pi / 21);
    end

end

eig(D)

n = 50;
E = zeros(n);

for i = 1:n
    E(i, i) = 1;
    E(i, n) = 1;

    for j = 1:i - 1
        E(i, j) = -1;
    end

end

eig(E)

n = 11;
F = zeros(n);

for i = 2:n
    F(i, i - 1) = 1;
end

for i = 1:n
    F(i, n) = -1;
end

eig(F)
